Dalc: 0.18549168676029582
Fedu: 0.1738776652588323
Fjob: 0.05959443887614069
G1: 1.6142565465487604
G2: 1.4594635733876358
G3: 1.0724561829094015
Medu: 1.7843591354096908
Mjob: 0.8438436393705409
Name: 0
Pstatus: 1.3533989748458226
Walc: 0.19343275366692803
absences: 1.2074520627337821
activities: 1.6188609133556533
address: 0.4464214762976455
age: 0.5500586367382385
alc: 0.757068754416707
course: 1.9462315279587412
failures: 1.2997688755590464
famrel: 0.3109589996235631
famsize: 1.4729424283280248
famsup: 0.4408812440813934
freetime: 1.9144261444135624
gender: 0.05002151044533387
goout: 0.6731890902252535
guardian: 1.0107105762067248
health: 1.6949887326949196
higher: 1.6116385036656158
internet: 1.3962787899764537
nursery: 0.012997519356122034
paid: 1.1785313677518174
reason: 0.4372759496072067
romantic: 0.6805010330359837
school: 1.2788535969157675
schoolsup: 1.0898829612064334
studytime: 0.397675301373297
traveltime: 0.05307193936772725
