Dalc: 1.5058491297762218
Fedu: 0.12465036652838624
Fjob: 1.2664457396571402
G1: 0.3670665898480887
G2: 1.0007312524751977
G3: 1.7676988142454642
Medu: 0.5040077324697112
Mjob: 1.7786541081514884
Name: 0
Pstatus: 0.897551600504255
Walc: 1.0022422936612014
absences: 0.1364457776685688
activities: 0.10257175621602066
address: 0.48619072054189205
age: 1.7210575192549877
alc: 1.9401315805522963
course: 1.4545607640995712
failures: 1.5373528328563228
famrel: 1.5229362798456623
famsize: 0.11500388139777584
famsup: 0.4424817516334858
freetime: 1.8919405470735657
gender: 1.064807304272743
goout: 0.900033426000246
guardian: 0.5739735023243948
health: 0.8661363875692332
higher: 1.9320211439848984
internet: 0.49606579669790496
nursery: 1.7634470936229143
paid: 0.810235298441953
reason: 0.6828180829493988
romantic: 1.658489598558951
school: 0.2917532704472323
schoolsup: 0.8286894295465601
studytime: 1.5002568423420735
traveltime: 0.7362498609373942
