Dalc: 1.5422852913527276
Fedu: 1.9489160623443227
Fjob: 1.2336931867567589
G1: 1.476770131403105
G2: 0.4953574205634652
G3: 0.3836934986077547
Medu: 0.6476312999686655
Mjob: 0.10732934829476037
Name: 0
Pstatus: 0.3166585053163755
Walc: 1.1831166557989476
absences: 1.6314316534325657
activities: 1.4679416716762934
address: 1.6170136148634877
age: 1.4632854502365824
alc: 1.290559753764789
course: 1.0474883304207088
failures: 0.8352729835091088
famrel: 1.5505329560997732
famsize: 1.1987487082786632
famsup: 1.128320864826038
freetime: 1.4137898380391618
gender: 0.15731187418081571
goout: 1.8361784113016475
guardian: 0.27848782229348856
health: 1.747376479146904
higher: 0.10349069871280525
internet: 0.6888140561848568
nursery: 1.3619157978071137
paid: 0.7074150586882144
reason: 1.946865897825348
romantic: 0.024748196803416
school: 1.9658672179966903
schoolsup: 0.6037839684320758
studytime: 1.7100460628576588
traveltime: 1.3287332617628187
