Dalc: 1
Fedu: 1.9857748256485137
Fjob: 1.9819382957166052
G1: 1.9716580789010456
G2: 1.997996284186982
G3: 1.9964326523425655
Medu: 1.9737039194300625
Mjob: 1.9773203645944224
Name: 0
Pstatus: 1.7485963654593488
Walc: 1
absences: 1.9911014497423862
activities: 1.9661281863992386
address: 1.9097034122517595
age: 1.9477606666328808
alc: 1
course: 1.5779061305704272
failures: 1.9745596142687738
famrel: 1.9994934366541361
famsize: 1.9779960421597147
famsup: 1.8643894917773256
freetime: 1.9925313916644818
gender: 1.9999999999981481
goout: 1.9999999999999378
guardian: 1.7803444777834607
health: 1.9870258396913536
higher: 1.999891414122664
internet: 1.9491896170697864
nursery: 1.9944192533500904
paid: 1.7949367605000848
reason: 1.963991582619872
romantic: 1.9401110378903734
school: 1.9283559963427015
schoolsup: 1.9983852643702982
studytime: 1.9976378715619918
traveltime: 1.9908848871732971
