Dalc: 0.6676158339742668
Fedu: 0.31772401990098764
Fjob: 1.959347973863085
G1: 0.6223287684928007
G2: 0.5133066855042769
G3: 1.4315709954901203
Medu: 1.3806952403558508
Mjob: 0.7904909182732438
Name: 0
Pstatus: 1.2879868370502239
Walc: 0.1633105655660485
absences: 1.8418860820815812
activities: 0.11359699194493111
address: 0.11166482557807611
age: 0.1913171764269912
alc: 0.16625988917614043
course: 1.05225560160858
failures: 0.522243425223236
famrel: 1.1005460850490523
famsize: 1.0714569170703943
famsup: 0.6554474602559772
freetime: 1.2182395593166735
gender: 0.9756544675249252
goout: 1.940265399258813
guardian: 1.8066467172367628
health: 0.9481349190236694
higher: 1.8937025867503194
internet: 0.022195699606657016
nursery: 1.2771285654788245
paid: 0.2993128648676868
reason: 0.3389507835274559
romantic: 0.7647101954692268
school: 1.9877185304993361
schoolsup: 1.689689750545405
studytime: 1.0288497771541751
traveltime: 0.31473203159417373
