Dalc: 0.4741664736392821
Fedu: 1.015551004285438
Fjob: 0.37038694161734353
G1: 0.6439156793826271
G2: 1.8443632534201324
G3: 0.5994133314357881
Medu: 0.2602345195115803
Mjob: 0.0005719903320107189
Name: 0
Pstatus: 0.5039547160871745
Walc: 1.7995961205606383
absences: 0.3631805798015446
activities: 0.9993127316663544
address: 0.981288333282087
age: 1.8171528735914222
alc: 0.3758600961982481
course: 1.9192809161724669
failures: 0.31795285781939797
famrel: 0.6248167287164326
famsize: 1.6808965578407398
famsup: 1.3080581264592737
freetime: 1.1597497620396997
gender: 0.1439367550307593
goout: 0.6882297383025622
guardian: 1.0680521839454558
health: 1.790245648749649
higher: 0.14782155735069868
internet: 0.22608917379430493
nursery: 1.640094530954477
paid: 0.33388132712114227
reason: 1.9930852672212576
romantic: 0.20193732848606194
school: 0.30162003133982074
schoolsup: 0.33151044203799285
studytime: 0.3653043698207368
traveltime: 1.0492233921371033
