Dalc: 1.368237988595549
Fedu: 0.7079563687238579
Fjob: 1.4481030938749393
G1: 1.6914150274643818
G2: 1.1498887200109895
G3: 1.853979399491873
Medu: 0.5592420909079494
Mjob: 0.6915994438816295
Name: 0
Pstatus: 1.685833173192963
Walc: 1.0534496156601723
absences: 0.4339689962663025
activities: 0.21190961901907213
address: 0.5352782020933393
age: 1.338436313366508
alc: 0.2229088525349272
course: 1.7956308831954206
failures: 1.9003526816236846
famrel: 1.774083570303314
famsize: 0.36117855244613506
famsup: 0.1892834102884029
freetime: 1.4801399597255351
gender: 0.08863022951635258
goout: 1.2416640277597748
guardian: 1.4890829713850287
health: 1.7813221305550933
higher: 0.6237955033040392
internet: 1.2722947701283858
nursery: 1.0646438300092134
paid: 1.0581827095046963
reason: 0.6908390576165206
romantic: 0.7814591194947367
school: 1.5159066749465093
schoolsup: 0.9317911743041609
studytime: 0.8017400467884479
traveltime: 0.08551090101570935
