Dalc: 1
Fedu: 0.23279342366707143
Fjob: 0.21731418877482184
G1: 0.18800711539169151
G2: 0.359227111466804
G3: 0.32208421489985406
Medu: 0.192891699169641
Mjob: 0.20252355699059255
Name: 0
Pstatus: 0.039926078730789516
Walc: 1
absences: 0.26313292643289055
activities: 0.17636464197667145
address: 0.1114397207810526
age: 0.14790062215598976
alc: 1
course: 0.0
failures: 0.19504692233628926
famrel: 0.44770217003348417
famsize: 0.20449044688523385
famsup: 0.08374330776023843
freetime: 0.2744440841520403
gender: 1.6969794388024186
goout: 1.9152052670150004
guardian: 0.04976433043872883
health: 0.23875345727392036
higher: 0.5467521632875839
internet: 0.14973129085869177
nursery: 0.2932426699660252
paid: 0.05470973464081147
reason: 0.17236119543486528
romantic: 0.1388598278568888
school: 0.12694439078387362
schoolsup: 0.37311879070537585
studytime: 0.34863350290073714
traveltime: 0.261579682881358
