Dalc: 1
Fedu: 0.39498920416809735
Fjob: 0.48406224285352506
G1: 1.3583952822803698
G2: 0.6261836681360204
G3: 0.4359430960460029
Medu: 0.4236178561428945
Mjob: 1.1447800201755176
Name: 0
Pstatus: 0.7350976581140847
Walc: 1
absences: 1.8410250592262711
activities: 0.1070680915538611
address: 0.9969482156785969
age: 1.587118232762271
alc: 1
course: 0.8571699901562477
failures: 1.6166523942393345
famrel: 1.1568257247211988
famsize: 0.4604570037909077
famsup: 1.2995015661616636
freetime: 0.5027089840311283
gender: 0.2437503347135448
goout: 1.5164989955525932
guardian: 1.1297082084484205
health: 1.2817636489695199
higher: 0.24547002673536555
internet: 0.25435036477284867
nursery: 0.45394279245150204
paid: 1.3792574292276631
reason: 1.373215212407493
romantic: 1.0024610224526043
school: 1.7112153665260803
schoolsup: 0.8700426078994761
studytime: 0.9095561633465619
traveltime: 0.0892864450603823
