Dalc: 1.7466123914240619
Fedu: 0.7026330885677234
Fjob: 1.934792841690882
G1: 0.8508822862255476
G2: 0.025801095705701105
G3: 0.7805799206400603
Medu: 0.7281404358056283
Mjob: 1.5587841774893922
Name: 0
Pstatus: 1.1342545888007742
Walc: 1.1701764264520047
absences: 1.9381444451904717
activities: 0.8780863446974816
address: 0.8803729852485005
age: 0.32320791393213977
alc: 0.3382243949374568
course: 1.4872957234718325
failures: 1.10180765119003
famrel: 1.1863909914050985
famsize: 1.0316569948438512
famsup: 0.6813350517993024
freetime: 0.27312568203553766
gender: 0.9139135012419555
goout: 0.7484414041962928
guardian: 1.6409694475928682
health: 0.3098304524238027
higher: 1.4896879088611747
internet: 1.2272909086584838
nursery: 0.5315293170702753
paid: 0.2347094406150967
reason: 0.835014833147812
romantic: 0.023237744270868665
school: 0.30793683846414743
schoolsup: 0.7265569972256152
studytime: 0.5386723520998689
traveltime: 1.9226373490347157
