Dalc: 1
Fedu: 1.9674638967428892
Fjob: 0.36607724149400034
G1: 0.9575076860316389
G2: 1.346883033773057
G3: 1.2042576068699384
Medu: 0.24192495290751226
Mjob: 0.9628355363892498
Name: 0
Pstatus: 1.4510650147647257
Walc: 1
absences: 1.1686882002636818
activities: 0.5305468944921947
address: 1.9930129073637959
age: 1.7038099594221348
alc: 1
course: 1.882207160562641
failures: 0.7138783422245094
famrel: 0.23275168171044536
famsize: 0.044266262015742575
famsup: 0.08622020143777465
freetime: 0.6779181618356007
gender: 0.8368571428488631
goout: 1.2098440468708196
guardian: 1.9843207313734765
health: 0.6372488919856476
higher: 0.10136228932862701
internet: 0.18733110006634623
nursery: 0.8753614332330606
paid: 1.1233264093385642
reason: 1.009463753224461
romantic: 0.09006803966616306
school: 1.1293041393000185
schoolsup: 0.507361553095184
studytime: 1.5317347451303311
traveltime: 0.5627248662095004
