Dalc: 0.20551243692256893
Fedu: 1.7682184115675303
Fjob: 1.6151394940431647
G1: 1.1057101857348588
G2: 0.2740575342927334
G3: 0.5913031380881486
Medu: 0.7062202518775649
Mjob: 0.737411104199148
Name: 0
Pstatus: 1.535095602505187
Walc: 1.9812945001735986
absences: 0.3163563156463365
activities: 1.7437097262254149
address: 1.5597712959787107
age: 0.15689128636454508
alc: 1.6139819085276932
course: 1.5616832364282698
failures: 0.8854738324897218
famrel: 0.8695339568786626
famsize: 0.8450810217800897
famsup: 1.2300711629831746
freetime: 0.6658854142765906
gender: 0.8649336047690352
goout: 1.9733314612957902
guardian: 0.7533004710737916
health: 1.4282451240722043
higher: 0.34764835017074747
internet: 0.2954460641654948
nursery: 0.5010252551556658
paid: 1.4010295647878754
reason: 0.9784173464687447
romantic: 1.0894920365467147
school: 1.3567343147472153
schoolsup: 1.4497530276357369
studytime: 0.581053225795501
traveltime: 1.2647298447068087
