Dalc: 1.0450383751940544
Fedu: 0.6609264532581649
Fjob: 1.840289837768554
G1: 0.6306773722203314
G2: 1.4466338496020452
G3: 1.4021291640204132
Medu: 1.708799921648749
Mjob: 1.0175831582400887
Name: 0
Pstatus: 0.7292993478656085
Walc: 0.07606806709720981
absences: 1.9030766883459262
activities: 0.961556493916149
address: 0.7641784142145631
age: 1.6757733327611304
alc: 1.351964948312548
course: 0.2739268764759548
failures: 1.563765740060397
famrel: 1.5214402597184429
famsize: 0.7917232934919889
famsup: 0.39744803975122234
freetime: 1.3852458911949643
gender: 0.1398153409935703
goout: 1.648816988119094
guardian: 1.1022596822454953
health: 1.9958872791418134
higher: 0.1836733542281137
internet: 0.014189690547955047
nursery: 0.32751959901220706
paid: 0.9227901411474444
reason: 0.9400522392026498
romantic: 0.9078977493009435
school: 1.7873574349083532
schoolsup: 0.7591647563364479
studytime: 0.6779907782934207
traveltime: 0.11424263547702518
