Dalc: 1
Fedu: 0.422384254168374
Fjob: 1.9461919000661687
G1: 0.00801657302544001
G2: 1.7785416960328038
G3: 0.021060233632962833
Medu: 0.3939870425924039
Mjob: 0.6789018257384474
Name: 0
Pstatus: 0.61345373626265
Walc: 1
absences: 0.6463391121568138
activities: 0.616896198367803
address: 1.7856931931604434
age: 0.22756112277088736
alc: 1
course: 1.9131957936871502
failures: 1.1750049854987719
famrel: 0.24449071595390692
famsize: 0.4242045693040839
famsup: 1.8671415009739805
freetime: 0.5861067353276437
gender: 1.4822602401346805
goout: 1.1912435056124737
guardian: 0.7407656309962283
health: 1.9468628264067775
higher: 1.3443183818482571
internet: 0.1490396661454496
nursery: 0.31637686403509524
paid: 0.3799441002177444
reason: 1.4269611245784468
romantic: 1.0685473844004243
school: 0.9682859451331911
schoolsup: 1.5284133890168252
studytime: 0.9607745593684263
traveltime: 1.0711427802884648
