Alc: 1
Dalc: 1
Fedu: 0.9889236090561111
Fjob: 1.6652201253384211
G1: 0.014934092284783373
G2: 0.16168499233544908
G3: 1.904602265837654
Medu: 0.7724651754890577
Mjob: 1.2840590405583678
Name: 0
Pstatus: 1.573809403880652
Walc: 1
absences: 1.0033355767079608
activities: 1.2353422303262689
address: 1.7398343657386584
age: 1.0134098404085459
alc: 1.0825889483456717
course: 1.0595984742563098
failures: 1.6396002263492864
famrel: 1.4281984992786727
famsize: 0.9231296661764223
famsup: 0.7612427971165616
freetime: 1.3542590132252217
gender: 1.322917272134246
goout: 0.7253591318907928
guardian: 1.7146091559466006
health: 0.9868285745080181
higher: 1.28664924864061
internet: 0.6505796344754902
nursery: 0.10774823479458795
paid: 1.320180754768101
reason: 0.6062206429916672
romantic: 0.4708056511786174
school: 1.5729209391535184
schoolsup: 0.2544572743398781
studytime: 1.715507110509021
traveltime: 0.038371996872759606
