# Alc: 1
Dalc: 1
Fedu: 1.3522092614142434
Fjob: 1.365174010830271
G1: 1.7540373272127614
G2: 0.07716639199454622
G3: 0.1996764805752651
Medu: 1.1543047493577285
Mjob: 0.39245151726062844
Name: 0
Pstatus: 1.0300094472848105
Walc: 1
absences: 1.079002672716349
activities: 0.01839393660263977
address: 0.7205843530974607
age: 1.5048704940534663
alc: 0.021852131496368443
course: 1.7577393988260304
failures: 0.9884365924016858
famrel: 1.5122266216106555
famsize: 1.5746280799835126
famsup: 1.6992592804691165
freetime: 1.2059059760543647
gender: 0.6105502477643852
goout: 1.1127552775061826
guardian: 1.9945655266225093
health: 1.776120985648909
higher: 0.8456139331100148
internet: 0.9749587016989867
nursery: 1.9100612074000378
paid: 1.492560979036975
reason: 0.5297978672473997
romantic: 1.412434495594647
school: 1.0187214335008923
schoolsup: 0.955440719484961
studytime: 1.8686796518839126
traveltime: 0.6695602605400375
