Dalc: 1.0243825897280967
Fedu: 0.459421583647885
Fjob: 1.2301857315736993
G1: 1.3629932170709609
G2: 1.437291569968693
G3: 0.2393309885168322
Medu: 1.9239969342317997
Mjob: 1.470969356196519
Name: 0
Pstatus: 0.8216374900083134
Walc: 0.6573339912190292
absences: 1.8991219657487788
activities: 1.2546077186968074
address: 1.2736386207886454
age: 0.8444399306156041
alc: 1.800378132773933
course: 1.9671250286307722
failures: 0.863626448867165
famrel: 0.41258393151585526
famsize: 1.3586592788688687
famsup: 1.272155430110917
freetime: 1.5714713846704151
gender: 1.4022298867102014
goout: 0.06902139958856779
guardian: 1.257024324574259
health: 0.05776776892100344
higher: 1.4979689682111195
internet: 0.23901886910162706
nursery: 1.3882475940253438
paid: 1.5532662528832735
reason: 0.5242299644643522
romantic: 0.2818271752930299
school: 1.1965699640526388
schoolsup: 0.8902825208535707
studytime: 0.9915698321035031
traveltime: 1.927186270915437
